Cluster0: 16 58 60 198 217 234 268 270 283 301 304 316 338
Cluster1: 2 14 20 32 49 73 84 105 111 115 116 135 167 169 226 272 288 312
Cluster2: 13 25 26 28 30 31 39 41 66 72 89 92 95 104 121 122 134 140 151 153 156 158 185 194 196 200 202 203 212 219 224 231 239 243 244 246 254 262 266 277 286 289 305 327 343
Cluster3: 23 35 68 77 131 143 144 149 150 171 177 225 227 229 248 278 296 318 339
Cluster4: 3 9 33 48 71 75 79 81 99 119 124 142 170 175 176 184 208 221 228 233 250 256 274 280 323 329 341
Cluster5: 51 129 174 201 245 247 259 264 347
Cluster6: 4 27 47 50 78 80 91 133 138 160 179 181 182 183 195 206 207 216 218 230 269 273 275 306 309 328
Cluster7: 17 21 24 44 56 62 65 67 70 82 93 94 97 98 109 118 123 136 137 148 163 172 180 187 188 199 204 211 213 214 232 238 252 253 261 265 271 279 295 299 302 307 310 313 330 332 337 345
Cluster8: 5 6 40 52 76 147 152 154 205 236 240 241 255 276 281 282 291 298 319 340
Cluster9: 19 57 64 85 100 107 117 189 192 220 237 258 285 290 297 300 326 333 346
Cluster10: 8 10 34 38 46 88 90 101 102 112 113 120 125 128 145 157 165 166 173 193 222 242 249 260 263 293 315 321
Cluster11: 29 96 103 108 127 132 139 141 146 159 162 308 314 331
Cluster12: 7 22 55 59 63 87 161 168 190 223 251 294 311 320 324 325 334 342
Cluster13: 1 45 53 54 106 110 126 130 164 178 186 235 284 303 322 336 344
Cluster14: 36 42 61 69 83 86 155 191 197 257 267 317
