Cluster0: 2758 2812 2816 2865 3003 3156 3187 3236 3402
Cluster1: 2667 2720 2747 2825 2859 2936 3002 3051 3077 3081 3099 3212 3242 3281 3292 3329 3349 3367 3373
Cluster2: 107 1419 1450 2674 2687 2708 2765 2770 2778 2780 2790 2793 2815 2833 2849 2853 2863 2869 2875 2876 2894 2901 2904 2914 2937 2970 2989 3007 3021 3035 3049 3070 3076 3102 3115 3120 3132 3146 3152 3154 3169 3172 3179 3182 3185 3201 3206 3233 3239 3247 3261 3265 3272 3276 3277 3280 3296 3297 3302 3316 3318 3330 3332 3335 3344 3350 3351 3355 3363 3381 3391 3396 3397 3411 3416 3419 3434
Cluster3: 2976 3013 3112 3225 3319 3371 3388
Cluster4: 2675 2676 2702 2808 2871 2932 3034 3075 3096 3103 3111 3117 3136 3189 3196 3217 3219 3256 3264 3337 3366 3395 3404
Cluster5: 990 1171 1505 1534 1642 1666 1726 1758 2668 2673 2680 2682 2684 2685 2688 2693 2695 2696 2700 2706 2709 2715 2717 2723 2725 2728 2730 2735 2744 2746 2752 2759 2760 2761 2762 2763 2771 2775 2776 2779 2787 2788 2792 2801 2803 2805 2813 2817 2818 2823 2826 2829 2831 2836 2840 2841 2843 2848 2852 2854 2860 2861 2885 2889 2891 2898 2900 2917 2918 2926 2934 2947 2948 2955 2957 2963 2965 2975 2980 2991 2996 2999 3006 3016 3018 3020 3023 3024 3032 3044 3058 3059 3061 3068 3069 3072 3086 3087 3091 3092 3095 3097 3118 3124 3131 3141 3143 3145 3147 3159 3162 3164 3167 3176 3181 3190 3192 3197 3202 3203 3213 3221 3222 3224 3227 3228 3234 3237 3241 3246 3253 3255 3258 3266 3268 3271 3278 3285 3286 3294 3295 3301 3303 3308 3309 3311 3313 3315 3327 3331 3334 3338 3356 3357 3358 3359 3365 3369 3376 3377 3379 3383 3386 3389 3393 3398 3401 3405 3410 3412 3414 3415 3425 3427 3428 3429 3436
Cluster6: 3048 3100 3177 3178 3204
Cluster7: 2663 2745 2789 2807 2893 2930 3042 3153 3248 3251 3289 3390 3392
Cluster8: 58 171 2679 2681 2683 2704 2738 2740 2741 2743 2754 2755 2756 2773 2777 2786 2794 2810 2814 2862 2864 2867 2873 2874 2890 2907 2910 2915 2920 2928 2931 2940 2945 2956 2974 2986 2988 2994 3000 3029 3065 3073 3135 3220 3243 3257 3293 3362 3364 3399 3417
Cluster9: 2689 2896 2924 2969 3085 3129 3193 3304 3426
Cluster10: 1656 2664 2670 2671 2678 2690 2697 2698 2699 2703 2707 2721 2722 2732 2767 2799 2804 2820 2834 2835 2838 2857 2870 2879 2880 2883 2897 2899 2902 2908 2909 2913 2916 2919 2923 2933 2942 2949 2954 2959 2961 2964 2966 2967 2971 2972 2977 2982 2983 2998 3008 3009 3019 3045 3050 3052 3053 3056 3074 3107 3121 3122 3130 3142 3151 3161 3171 3184 3186 3200 3205 3208 3211 3223 3244 3249 3283 3298 3324 3325 3326 3354 3368 3372 3408 3413 3420 3423 3432
Cluster11: 
Cluster12: 2672 2677 2692 2701 2705 2713 2716 2731 2734 2736 2737 2739 2749 2764 2768 2784 2791 2795 2802 2809 2824 2837 2847 2850 2858 2878 2881 2882 2884 2895 2903 2938 2946 2952 2962 2968 2979 2995 3001 3004 3005 3010 3011 3030 3055 3057 3067 3079 3080 3094 3105 3114 3116 3133 3144 3157 3160 3165 3170 3175 3194 3214 3216 3229 3245 3252 3254 3262 3269 3270 3282 3290 3310 3312 3317 3323 3333 3340 3342 3343 3361 3375 3382 3384 3407 3409 3418 3421 3424 3431
Cluster13: 2691 2710 2711 2714 2724 2766 2774 2798 2811 2819 2822 2855 2856 2886 2892 2921 2922 2935 2941 2953 2978 2997 3012 3028 3037 3039 3062 3063 3066 3083 3125 3126 3127 3128 3155 3168 3173 3180 3199 3210 3218 3235 3273 3275 3300 3314 3322 3336 3346 3370
Cluster14: 2733 2950 3036 3104 3139 3259 3341
Cluster15: 1405 2666 2669 2694 2718 2729 2750 2757 2769 2781 2782 2800 2827 2839 2866 2872 2877 2905 2906 2911 2912 2925 2927 2929 2943 2944 2960 2985 2987 2993 3014 3022 3026 3033 3040 3047 3054 3064 3078 3084 3090 3098 3108 3113 3119 3149 3158 3163 3166 3174 3195 3226 3232 3238 3250 3284 3306 3328 3339 3348 3387 3433 3435
Cluster16: 2661 2662 2665 2686 2712 2719 2726 2727 2742 2748 2751 2753 2772 2783 2785 2796 2797 2806 2821 2828 2830 2832 2844 2845 2846 2851 2868 2887 2888 2939 2951 2958 2973 2981 2984 2990 2992 3015 3017 3025 3027 3038 3041 3043 3046 3060 3082 3088 3089 3093 3101 3106 3109 3110 3123 3134 3137 3138 3140 3148 3150 3188 3191 3198 3207 3209 3215 3231 3240 3260 3263 3267 3274 3279 3287 3288 3291 3299 3305 3307 3320 3321 3345 3347 3352 3353 3360 3374 3378 3380 3385 3394 3400 3403 3406 3422 3430
