Cluster0: 1952 1987 1988 1992 1999 2012 2065 2084 2096 2115 2147 2164 2170 2179 2186 2188 2207 2213 2274 2287 2300 2320 2349 2366 2370 2373 2442 2490 2515 2527 2553 2572 2574 2584 2612 2615 2622 2631 2656
Cluster1: 428 1465 1718 1915 1917 1918 1939 1945 1950 1954 1955 1965 1966 1967 1970 1990 2000 2010 2026 2033 2038 2039 2042 2052 2056 2068 2075 2085 2093 2109 2111 2127 2133 2139 2143 2145 2149 2153 2154 2157 2169 2174 2177 2189 2190 2199 2203 2210 2222 2235 2243 2246 2247 2248 2250 2252 2256 2265 2267 2282 2289 2294 2306 2317 2322 2330 2331 2334 2335 2339 2340 2343 2344 2352 2359 2377 2390 2396 2398 2415 2417 2419 2424 2427 2436 2438 2445 2454 2461 2462 2463 2479 2488 2495 2497 2499 2500 2509 2511 2512 2522 2551 2552 2575 2582 2587 2588 2589 2590 2594 2599 2603 2608 2617 2652 2655 2658
Cluster2: 563 1577 1947 1949 1956 1959 1960 1961 1964 1981 1996 1997 2003 2009 2013 2015 2016 2030 2034 2037 2043 2046 2053 2054 2060 2062 2067 2070 2072 2083 2089 2091 2092 2101 2112 2120 2125 2126 2130 2135 2141 2156 2158 2159 2160 2161 2162 2167 2187 2205 2216 2221 2238 2245 2251 2261 2262 2276 2277 2280 2283 2299 2301 2303 2307 2319 2327 2345 2350 2354 2360 2361 2365 2367 2371 2376 2384 2394 2402 2404 2405 2420 2423 2434 2440 2451 2458 2469 2485 2491 2510 2519 2524 2535 2543 2545 2555 2557 2561 2562 2576 2583 2597 2598 2613 2616 2625 2629 2635 2641 2648 2649 2651
Cluster3: 1920 1930 1932 1940 1942 1948 1975 1978 1994 2014 2019 2027 2047 2058 2071 2087 2100 2113 2117 2134 2146 2148 2166 2176 2191 2193 2198 2209 2217 2224 2227 2231 2234 2239 2241 2263 2285 2286 2292 2296 2298 2314 2325 2333 2338 2347 2358 2368 2372 2375 2388 2393 2401 2403 2412 2416 2426 2431 2439 2441 2443 2444 2456 2465 2467 2468 2475 2476 2483 2493 2503 2506 2528 2534 2540 2544 2548 2566 2567 2581 2591 2595 2610 2621 2634 2642
Cluster4: 1934 1957 1958 1980 2008 2017 2023 2028 2036 2080 2094 2098 2099 2152 2163 2168 2178 2196 2197 2204 2230 2268 2281 2315 2332 2342 2380 2383 2389 2399 2411 2413 2422 2432 2473 2487 2516 2529 2532 2571 2579 2580
Cluster5: 136 1913 1916 1922 1926 1933 1937 2031 2041 2048 2050 2102 2116 2132 2151 2155 2173 2211 2232 2249 2255 2259 2270 2312 2328 2355 2378 2379 2382 2385 2400 2406 2425 2435 2450 2455 2466 2501 2505 2508 2531 2537 2541 2618 2644 2645 2650
Cluster6: 1925 1928 1929 1938 1943 1953 1962 1963 1969 1971 1976 1983 1985 1986 1989 1993 2005 2020 2021 2045 2055 2057 2059 2063 2064 2069 2073 2074 2077 2078 2081 2086 2088 2090 2095 2103 2104 2106 2108 2114 2118 2121 2122 2124 2129 2131 2136 2142 2144 2150 2165 2172 2175 2180 2184 2200 2206 2208 2214 2220 2229 2233 2237 2240 2244 2253 2257 2258 2260 2264 2266 2271 2275 2278 2290 2297 2308 2309 2311 2316 2321 2323 2324 2326 2329 2341 2353 2356 2363 2369 2374 2381 2387 2391 2392 2395 2407 2408 2409 2410 2414 2418 2421 2428 2430 2433 2446 2453 2460 2464 2472 2477 2478 2481 2482 2484 2489 2492 2504 2507 2517 2520 2521 2525 2526 2530 2536 2542 2546 2549 2554 2556 2559 2560 2563 2564 2568 2573 2578 2586 2600 2601 2602 2604 2606 2607 2609 2611 2623 2624 2630 2638 2639 2646 2653 2654
Cluster7: 1923 1924 1936 1944 1977 1982 2002 2029 2035 2044 2049 2051 2076 2082 2105 2107 2110 2119 2140 2181 2182 2185 2201 2215 2226 2228 2236 2242 2254 2272 2273 2288 2291 2295 2304 2305 2310 2313 2318 2336 2348 2351 2357 2362 2397 2429 2437 2448 2449 2452 2474 2480 2486 2496 2513 2518 2523 2547 2558 2565 2570 2577 2592 2605 2614 2626 2628 2637
Cluster8: 1914 1919 1921 1927 1931 1935 1951 1968 1972 1973 1991 1995 1998 2001 2004 2006 2007 2011 2018 2022 2024 2025 2032 2061 2097 2128 2138 2171 2183 2192 2202 2223 2225 2279 2284 2302 2337 2346 2364 2447 2459 2471 2494 2498 2502 2533 2538 2585 2620 2627 2633 2636 2640 2643 2647 2657 2659 2660
Cluster9: 1941 1946 1974 1979 1984 2040 2066 2123 2137 2194 2212 2218 2219 2293 2386 2514 2539 2550 2593 2619 2632
