Cluster0: 898 919 920 929 932 937 939 942 943 951 957 978 982 988 989 993 999 1001 1004 1008 1009 1010 1014 1015 1018 1020 1027 1035 1038 1039 1047 1049 1062 1066 1068 1078 1079 1090 1099 1102 1104 1106 1109 1114 1115 1126 1127 1143 1148 1150 1151 1156 1158 1161 1170 1172 1176 1189 1190 1191 1193 1197 1204 1205 1211 1214 1223 1227 1238 1242 1249 1250 1256 1261 1264 1265 1277 1282 1284 1286 1289 1293 1296 1297 1298 1302 1309 1315 1316 1321 1322 1324 1335 1344 1353 1365 1366 1367 1368 1381 1382 1392 1393 1394 1396 1399 1401 1404 1405 1409 1413 1414 1416 1426 1427 1432 1437 1447 1450 1454 1459 1462 1467 1486 1487 1495 1498 1507 1508 1512 1515 1519 1521 1525 1526 1528 1530 1532 1540 1563 1578 1582 1583 1597 1600 1610 1611 1612 1616 1623 1624 1626 1628 1635 1639 1643 1659 1661 1662 1669 1680 1688 1691 1693 1699 1700 1701 1702 1711 1715 1716 1725 1732 1737 1738 1741 1742 1749 1750 1751 1752 1753 1759 1764 1767 1771 1778 1781 1783 1785 1786 1796 1799 1800 1804 1805 1812 1824 1828 1830 1841 1842 1845 1848 1849 1859 1864 1865 1871 1873 1875 1879 1884 1893 1894 1899 1902 1903
Cluster1: 922 923 933 947 953 960 968 977 983 985 997 998 1029 1053 1064 1084 1087 1095 1107 1131 1153 1171 1173 1180 1201 1219 1244 1273 1274 1304 1308 1323 1330 1331 1340 1346 1380 1388 1425 1439 1440 1458 1470 1474 1477 1483 1488 1489 1491 1517 1518 1523 1535 1537 1538 1553 1586 1649 1651 1665 1703 1706 1722 1729 1743 1777 1795 1821 1826 1850 1851 1868 1874 1883 1909 1910
Cluster2: 0 58 171 348 353 363 376 389 414 420 428 475 483 517 526 563 566 596 606 641 651 1233 1326 1395 1407 1627 1684 1755
Cluster3: 538 649 900 904 906 907 909 912 941 945 950 954 969 970 971 984 994 1002 1005 1032 1034 1043 1045 1057 1058 1061 1065 1073 1081 1085 1089 1093 1094 1105 1108 1113 1121 1122 1141 1154 1157 1168 1200 1213 1217 1224 1226 1237 1240 1251 1252 1262 1270 1303 1311 1313 1318 1325 1357 1358 1360 1373 1406 1412 1423 1435 1445 1492 1494 1501 1502 1504 1510 1513 1514 1527 1552 1567 1579 1588 1593 1594 1595 1602 1606 1607 1625 1631 1638 1655 1676 1677 1679 1698 1704 1708 1726 1760 1763 1772 1775 1788 1794 1802 1807 1817 1820 1825 1846 1870 1878 1882 1896 1898 1906
Cluster4: 366 484 580 601 629 901 903 905 913 914 927 928 935 936 962 963 976 987 990 991 992 1012 1023 1031 1051 1054 1076 1077 1080 1082 1088 1097 1117 1118 1124 1133 1135 1136 1137 1140 1147 1149 1155 1159 1165 1166 1167 1174 1178 1179 1186 1187 1194 1195 1196 1198 1209 1210 1215 1221 1222 1229 1232 1234 1243 1245 1246 1247 1258 1281 1283 1307 1314 1317 1319 1320 1327 1333 1339 1345 1349 1350 1352 1361 1363 1364 1371 1374 1377 1378 1383 1385 1389 1397 1400 1408 1410 1417 1418 1419 1424 1433 1434 1443 1446 1451 1452 1455 1464 1465 1468 1473 1485 1503 1505 1506 1511 1529 1533 1534 1542 1543 1548 1550 1551 1555 1559 1568 1569 1575 1577 1591 1609 1613 1629 1642 1646 1647 1650 1654 1664 1671 1672 1675 1678 1687 1692 1694 1705 1709 1713 1717 1720 1721 1724 1728 1733 1736 1740 1744 1745 1756 1762 1766 1774 1784 1787 1790 1798 1803 1810 1811 1813 1836 1840 1843 1844 1847 1853 1855 1869 1881 1885 1887 1891 1895 1897
Cluster5: 899 908 916 925 946 958 965 966 973 980 1017 1024 1028 1033 1042 1059 1070 1075 1083 1086 1101 1110 1112 1123 1125 1130 1132 1146 1152 1163 1181 1183 1184 1188 1203 1207 1225 1241 1254 1260 1263 1269 1271 1285 1288 1295 1299 1310 1328 1329 1336 1343 1355 1362 1369 1370 1375 1384 1390 1391 1398 1421 1431 1436 1442 1444 1456 1457 1461 1471 1480 1481 1484 1500 1516 1522 1547 1556 1557 1561 1580 1589 1590 1598 1599 1615 1617 1619 1622 1630 1641 1668 1686 1696 1712 1714 1718 1719 1730 1731 1734 1754 1757 1758 1780 1789 1791 1797 1806 1809 1814 1816 1819 1827 1833 1854 1856 1860 1863 1866 1886 1888 1901
Cluster6: 637 896 897 902 910 915 921 930 931 934 938 948 952 955 956 959 964 967 972 975 979 981 995 1006 1013 1016 1019 1021 1025 1026 1030 1036 1040 1044 1046 1048 1060 1063 1067 1069 1071 1074 1091 1092 1100 1103 1111 1116 1120 1128 1129 1138 1142 1160 1164 1175 1177 1182 1185 1192 1199 1208 1216 1218 1220 1228 1230 1231 1235 1239 1257 1267 1268 1272 1276 1279 1280 1287 1290 1291 1292 1294 1300 1305 1312 1332 1334 1341 1351 1354 1376 1379 1387 1402 1403 1420 1422 1438 1448 1449 1460 1475 1476 1479 1493 1497 1499 1509 1520 1524 1531 1539 1545 1546 1549 1554 1558 1562 1564 1565 1570 1573 1574 1576 1584 1585 1587 1596 1601 1603 1608 1614 1618 1620 1621 1632 1633 1636 1637 1644 1645 1648 1652 1653 1656 1657 1658 1660 1663 1673 1683 1685 1690 1695 1697 1707 1723 1735 1746 1747 1761 1765 1768 1769 1773 1776 1782 1792 1793 1801 1808 1823 1831 1832 1835 1837 1839 1857 1858 1861 1862 1872 1880 1889 1890 1892 1900
Cluster7: 926 944 949 961 974 986 996 1000 1003 1007 1011 1022 1037 1041 1050 1052 1055 1056 1072 1098 1134 1144 1162 1169 1202 1212 1248 1253 1255 1266 1278 1301 1306 1337 1342 1347 1348 1356 1359 1372 1411 1428 1429 1430 1441 1453 1463 1478 1482 1490 1496 1541 1544 1566 1571 1572 1592 1604 1605 1640 1666 1667 1670 1674 1681 1682 1689 1710 1727 1748 1779 1818 1822 1829 1838 1852 1867 1877 1905 1907 1908 1911
Cluster8: 917 924 940 1139 1236 1259 1275 1338 1415 1469 1472 1536 1634 1739 1770 1815 1876 1904
Cluster9: 
Cluster10: 
