Cluster0: 3473 3494 3499 3503 3513 3584 3619 3623 3657 3744 3767 3783 3816 3818 3827 3834 3874 3880 3912 3927 3931 3933 3964
Cluster1: 3443 3460 3510 3511 3543 3583 3602 3614 3634 3668 3703 3706 3714 3726 3737 3761 3784 3793 3829 3861 3870 3881 3906 3947
Cluster2: 698 3441 3445 3459 3485 3488 3492 3497 3507 3512 3515 3526 3534 3565 3568 3594 3600 3611 3617 3635 3671 3678 3683 3688 3691 3741 3770 3774 3777 3803 3811 3817 3832 3836 3843 3851 3873 3885 3894 3939 3942 3948
Cluster3: 3446 3470 3477 3482 3505 3528 3535 3542 3557 3598 3606 3613 3637 3663 3687 3698 3700 3702 3707 3730 3739 3753 3762 3800 3812 3840 3858 3883 3919 3936 3941
Cluster4: 567 3551 3566 3681 3723 3801 3925
Cluster5: 3449 3527 3538 3586 3596 3604 3625 3693 3743 3799 3804 3819 3938
Cluster6: 3455 3468 3476 3548 3588 3599 3628 3641 3649 3664 3666 3689 3701 3717 3722 3735 3769 3842 3862 3867 3868 3899 3901 3920 3929 3937 3944 3955 3959 3965 3976
Cluster7: 1085 3447 3457 3464 3465 3475 3478 3483 3490 3495 3519 3531 3546 3547 3549 3563 3564 3571 3572 3579 3585 3589 3607 3615 3618 3624 3656 3673 3675 3679 3682 3690 3697 3713 3725 3747 3757 3759 3771 3795 3814 3837 3848 3852 3863 3871 3886 3892 3897 3903 3905 3910 3949 3960 3963 3968 3975
Cluster8: 3452 3456 3471 3518 3545 3559 3560 3573 3595 3603 3608 3651 3670 3704 3712 3788 3808 3845 3860 3876 3907 3934 3940 3943 3946 3966 3970
Cluster9: 3592 3610 3626 3659 3674 3779 3847 3872 3888 3950
Cluster10: 3444 3462 3484 3489 3500 3514 3517 3529 3533 3537 3576 3578 3587 3605 3642 3652 3661 3665 3672 3676 3694 3696 3705 3727 3734 3751 3772 3780 3781 3785 3791 3796 3809 3825 3838 3887 3902 3913 3914 3916 3922 3923 3932 3954 3962 3972 3979
Cluster11: 3496 3498 3504 3536 3554 3630 3686 3708 3710 3738 3746 3752 3806 3815 3849 3904 3915 3956 3961
Cluster12: 862 3438 3440 3442 3448 3450 3487 3508 3521 3530 3532 3556 3575 3580 3622 3632 3640 3648 3654 3662 3685 3699 3740 3787 3797 3828 3830 3839 3841 3846 3875 3878 3889 3908 3928 3967
Cluster13: 857 3439 3461 3472 3480 3491 3501 3520 3525 3540 3541 3544 3550 3553 3561 3567 3574 3577 3601 3609 3616 3621 3633 3638 3645 3647 3658 3660 3667 3677 3684 3692 3716 3721 3724 3736 3750 3754 3756 3776 3778 3789 3805 3813 3821 3824 3831 3844 3850 3854 3857 3859 3879 3890 3891 3893 3918 3957 3978
Cluster14: 3454 3467 3502 3506 3522 3539 3552 3555 3582 3590 3593 3597 3620 3627 3643 3644 3646 3653 3711 3715 3719 3731 3732 3760 3764 3765 3766 3768 3782 3786 3790 3802 3807 3810 3823 3833 3835 3855 3865 3866 3869 3877 3882 3924 3926 3952 3971 3973 3977
Cluster15: 3458 3463 3466 3469 3474 3479 3481 3486 3493 3509 3516 3523 3524 3558 3562 3569 3581 3591 3612 3629 3631 3636 3639 3655 3669 3680 3695 3718 3720 3728 3733 3742 3745 3749 3755 3758 3763 3773 3775 3792 3794 3822 3826 3864 3884 3895 3896 3898 3900 3909 3911 3917 3921 3930 3945 3951 3953 3958 3969
